59,4
59,3
59,2
59,1
59,0
58,35
10,255
10,231
10,133
10,163
10,117
10,177
10,105
10,157
11,20
11,24
11,10
11,29
11,16
11,17
8,13
8,7
57,4
57,3
57,2
57,1
57,0
42,3
42,2
42,1
42,0
20,3
20,2
20,1
19,2
19,3
19,1
12,3
12,2
12,1
11,25
11,21
11,19
11,18
11,13
11,9
11,6
11,3
11,2
11,1
10,279
10,277
10,229
10,209
10,189
10,155
10,119
10,21
10,3
10,2
10,1
18,1
9,7
9,5
9,3
9,2
18,3
14,1
14,3
13,1
13,3
9,1
8,18
8,15
8,14
8,10
8,9
8,6
8,5
8,3
8,2
8,1
3,3
3,2
3,1
2,3
2,2
2,1
0,472
0,278
0,273
0,270
0,9
0,0
58,34
58,33
